50
6
60
25
-110  -20 
80  80 
-20  90 
-60  60 
110  -20 
-30  -30 
-160  50 
10  0 
140  30 
-110  110 
-60  0 
-50  60 
-110  160 
-50  -50 
0  80 
130  20 
50  -50 
100  120 
150  70 
70  150 
-40  0 
-120  -10 
-70  -40 
160  160 
-110  140 
-130  -20 
50  50 
-130  90 
0  -10 
70  0 
160  -50 
-10  120 
120  -10 
0  -40 
-50  160 
-160  60 
60  60 
110  160 
-110  60 
0  120 
110  90 
-90  90 
-110  130 
-120  110 
-90  130 
-160  -50 
90  90 
-110  20 
-70  40 
130  110 
-30  0 
-150  0 
120  110 
-110  30 
-110  10 
-110  100 

2 
2 
1 
2 
8 
12 
2 
2 
12 
1 
2 
4 
8 
1 
4 
4 
8 
4 
8 
4 
12 
8 
2 
1 
8 
4 
1 
12 
12 
2 
1 
8 
2 
8 
2 
12 
4 
8 
4 
12 
4 
12 
4 
4 
8 
12 
2 
4 
8 
2 
0 
0 
0 
0 
0 
0 

0
0
0
0
1
3
0
0
3
0
0
0
1
0
0
0
1
0
1
0
3
1
0
0
1
0
0
3
3
0
0
1
0
1
0
3
0
1
0
3
0
3
0
0
1
3
0
0
1
0
