50
6
60
25
-140  0 
30  80 
-30  80 
80  0 
-90  -20 
0  110 
140  30 
130  20 
60  -50 
110  20 
-110  150 
0  0 
30  140 
150  150 
110  0 
-70  150 
-110  40 
100  100 
80  80 
-20  0 
-110  70 
-130  90 
-110  50 
-10  0 
110  150 
-140  30 
-80  0 
-150  150 
-110  140 
-120  100 
10  0 
-110  -50 
-110  80 
-80  -30 
110  100 
-130  20 
100  10 
-90  130 
-70  -40 
-110  0 
-10  110 
110  90 
160  60 
10  120 
40  150 
-40  150 
80  30 
-50  160 
110  -10 
-10  10 
-80  30 
0  150 
120  110 
-80  80 
-90  0 
40  110 

2 
2 
1 
4 
2 
1 
12 
1 
4 
8 
8 
1 
2 
1 
2 
2 
2 
8 
2 
4 
2 
2 
8 
12 
4 
2 
4 
12 
1 
8 
2 
1 
4 
12 
12 
12 
12 
12 
8 
12 
1 
1 
4 
1 
1 
12 
1 
8 
2 
1 
0 
0 
0 
0 
0 
0 

0
0
0
0
0
0
3
0
0
1
1
0
0
0
0
0
0
1
0
0
0
0
1
3
0
0
0
3
0
1
0
0
0
3
3
3
3
3
1
3
0
0
0
0
0
3
0
1
0
0
