50
6
60
25
-150  -40 
-150  150 
-40  70 
60  160 
-140  140 
-90  130 
-30  140 
70  110 
100  120 
80  -30 
110  90 
-70  110 
-60  60 
-80  110 
40  70 
-20  110 
110  -20 
110  -30 
50  110 
140  110 
-30  80 
-160  110 
120  100 
-110  -40 
50  160 
-60  0 
150  40 
-50  -50 
60  -50 
0  30 
-130  0 
90  0 
-110  50 
40  110 
90  110 
90  90 
80  80 
90  -20 
160  160 
110  130 
140  -30 
-70  150 
110  -40 
100  100 
-40  0 
150  110 
-10  100 
0  160 
-80  140 
-90  -20 
-60  110 
90  20 
0  -10 
-100  100 
-150  110 
30  80 

1 
12 
8 
1 
8 
1 
4 
4 
8 
12 
2 
1 
2 
12 
1 
12 
1 
12 
4 
1 
8 
1 
2 
8 
4 
12 
2 
8 
8 
8 
4 
8 
2 
2 
1 
4 
8 
8 
1 
4 
12 
12 
8 
1 
8 
1 
4 
12 
4 
2 
0 
0 
0 
0 
0 
0 

0
3
1
0
1
0
0
0
1
3
0
0
0
3
0
3
0
3
0
0
1
0
0
1
0
3
0
1
1
1
0
1
0
0
0
0
1
1
0
0
3
3
1
0
1
0
0
3
0
0
