100
4
60
25
-150  -40 
70  40 
130  130 
-100  100 
0  30 
-90  90 
-110  130 
140  80 
20  130 
20  90 
-140  30 
-60  60 
110  -30 
-110  90 
-50  160 
-100  0 
-100  110 
-160  0 
150  110 
-10  -10 
90  -20 
-20  110 
100  120 
-80  80 
80  80 
120  10 
110  160 
30  80 
-110  10 
-110  40 
-110  60 
-60  160 
20  -20 
130  90 
-60  50 
160  0 
-140  0 
150  0 
-110  100 
-20  90 
140  0 
0  160 
-80  0 
-160  50 
-80  30 
-40  70 
-20  20 
110  70 
-100  -10 
-10  100 
0  140 
100  0 
160  160 
70  0 
-110  70 
150  -40 
0  20 
-40  110 
-80  140 
90  0 
-150  70 
120  100 
-110  -20 
110  50 
100  -10 
-50  -50 
110  -10 
80  0 
0  -20 
130  110 
150  150 
-150  40 
0  40 
40  150 
-60  110 
140  -30 
-60  0 
110  90 
40  -40 
130  20 
-70  0 
50  -50 
-60  -50 
80  140 
110  -20 
-120  -10 
-160  160 
-70  -40 
-150  110 
150  40 
-30  -30 
100  10 
0  90 
-30  80 
0  -30 
80  -30 
-110  30 
-110  160 
-160  -50 
-10  0 
110  40 
100  110 
0  80 
-10  110 

4 
4 
12 
1 
4 
1 
2 
2 
1 
4 
1 
4 
1 
8 
4 
4 
2 
1 
12 
2 
2 
4 
12 
4 
1 
1 
4 
12 
12 
4 
4 
12 
2 
8 
8 
2 
2 
12 
2 
1 
1 
8 
12 
4 
2 
1 
12 
8 
4 
12 
1 
12 
4 
8 
1 
4 
8 
2 
1 
8 
4 
1 
4 
8 
1 
4 
12 
2 
2 
8 
2 
4 
2 
1 
1 
4 
8 
12 
12 
8 
4 
1 
1 
4 
8 
12 
8 
12 
2 
8 
1 
4 
1 
12 
8 
4 
2 
8 
12 
1 
0 
0 
0 
0 

0
0
3
0
0
0
0
0
0
0
0
0
0
1
0
0
0
0
3
0
0
0
3
0
0
0
0
3
3
0
0
3
0
1
1
0
0
3
0
0
0
1
3
0
0
0
3
1
0
3
0
3
0
1
0
0
1
0
0
1
0
0
0
1
0
0
3
0
0
1
0
0
0
0
0
0
1
3
3
1
0
0
0
0
1
3
1
3
0
1
0
0
0
3
1
0
0
1
3
0
