100
4
60
25
-70  40 
-120  110 
140  140 
-40  40 
0  60 
-60  60 
40  110 
-40  70 
-110  70 
-130  90 
50  50 
10  10 
0  10 
-130  -20 
-40  150 
60  50 
20  110 
100  110 
60  160 
-60  160 
-130  20 
90  110 
140  30 
60  0 
80  -30 
70  70 
10  110 
-80  -30 
0  80 
70  -40 
-130  110 
-150  110 
-10  100 
30  30 
90  0 
-30  0 
20  90 
40  0 
-140  140 
0  -50 
140  -30 
-110  20 
-100  -10 
-110  0 
20  0 
-110  140 
-160  0 
0  50 
160  0 
110  140 
120  100 
130  110 
100  10 
120  120 
-30  -30 
-40  0 
110  0 
-20  0 
70  40 
100  0 
160  110 
-100  100 
-110  150 
130  0 
110  40 
-160  50 
50  60 
60  60 
-70  70 
-80  30 
0  -30 
110  10 
-60  -50 
-20  -20 
-160  -50 
-110  90 
0  90 
160  160 
-160  110 
110  -10 
30  0 
120  -10 
140  80 
100  120 
-70  -40 
110  -30 
-50  60 
0  130 
110  -40 
110  -20 
-80  80 
-10  120 
-150  40 
110  90 
60  110 
80  0 
-20  20 
-130  130 
-20  90 
130  90 
-50  0 
-40  -40 
90  20 
110  150 

1 
1 
1 
2 
2 
8 
4 
12 
8 
12 
12 
8 
2 
4 
1 
1 
1 
4 
8 
8 
12 
1 
4 
2 
4 
12 
2 
2 
12 
12 
8 
1 
1 
8 
1 
12 
1 
1 
8 
2 
12 
2 
2 
12 
2 
2 
4 
2 
1 
1 
4 
1 
4 
2 
4 
4 
2 
1 
1 
8 
8 
4 
4 
12 
1 
1 
12 
2 
4 
1 
8 
12 
12 
4 
1 
1 
4 
12 
4 
4 
2 
12 
8 
8 
2 
2 
12 
4 
12 
1 
2 
8 
8 
1 
2 
8 
8 
12 
8 
4 
0 
0 
0 
0 

0
0
0
0
0
1
0
3
1
3
3
1
0
0
0
0
0
0
1
1
3
0
0
0
0
3
0
0
3
3
1
0
0
1
0
3
0
0
1
0
3
0
0
3
0
0
0
0
0
0
0
0
0
0
0
0
0
0
0
1
1
0
0
3
0
0
3
0
0
0
1
3
3
0
0
0
0
3
0
0
0
3
1
1
0
0
3
0
3
0
0
1
1
0
0
1
1
3
1
0
