100
4
60
25
-60  -50 
-100  -10 
140  0 
100  120 
-40  150 
-30  80 
-40  40 
-120  -10 
-50  110 
-70  150 
160  110 
10  120 
40  110 
110  100 
-90  -20 
120  110 
-110  40 
-70  0 
130  -20 
160  -50 
140  110 
10  110 
60  160 
120  0 
110  0 
-10  0 
20  20 
100  0 
-150  150 
70  150 
110  -20 
160  0 
130  90 
-110  130 
-140  140 
0  150 
130  20 
0  140 
60  110 
-60  60 
30  140 
-50  0 
140  30 
-30  -30 
10  0 
10  100 
150  40 
0  90 
70  70 
-160  -50 
110  30 
20  110 
-10  -10 
-20  0 
0  -30 
0  60 
0  0 
-120  0 
0  -10 
-140  -30 
110  40 
-110  110 
-90  20 
-50  -50 
120  -10 
10  -10 
0  120 
-40  0 
-80  140 
0  80 
-40  70 
0  -40 
110  10 
160  60 
-30  30 
110  -10 
-120  100 
-110  150 
-60  110 
-110  -20 
-50  50 
-40  110 
-110  90 
-160  110 
-60  0 
-130  110 
110  140 
-80  0 
110  20 
110  110 
-110  0 
110  90 
-70  110 
-110  160 
-20  130 
110  -40 
-40  -40 
20  -20 
-140  0 
-110  50 
40  70 
60  50 
20  0 
110  80 

4 
1 
12 
1 
2 
2 
4 
8 
2 
8 
12 
4 
8 
2 
12 
4 
2 
8 
12 
12 
2 
2 
8 
8 
4 
2 
4 
4 
12 
2 
12 
12 
2 
1 
1 
1 
1 
1 
2 
1 
1 
4 
12 
1 
1 
8 
2 
4 
4 
12 
1 
12 
12 
8 
8 
12 
12 
1 
8 
8 
12 
4 
2 
1 
4 
12 
4 
1 
1 
12 
4 
1 
8 
1 
8 
2 
2 
1 
12 
8 
8 
12 
8 
1 
4 
1 
12 
1 
2 
12 
12 
4 
1 
4 
1 
8 
12 
8 
12 
8 
0 
0 
0 
0 

0
0
3
0
0
0
0
1
0
1
3
0
1
0
3
0
0
1
3
3
0
0
1
1
0
0
0
0
3
0
3
3
0
0
0
0
0
0
0
0
0
0
3
0
0
1
0
0
0
3
0
3
3
1
1
3
3
0
1
1
3
0
0
0
0
3
0
0
0
3
0
0
1
0
1
0
0
0
3
1
1
3
1
0
0
0
3
0
0
3
3
0
0
0
0
1
3
1
3
1
