100
6
60
25
0  -20 
-40  70 
120  120 
70  150 
-110  70 
40  40 
10  -10 
-50  60 
-80  80 
10  0 
-90  20 
-40  110 
-70  110 
60  0 
100  100 
-50  110 
110  20 
-140  110 
-90  -20 
110  -40 
110  70 
-10  100 
-30  0 
-30  30 
20  90 
160  50 
-60  0 
110  80 
0  -30 
-120  -10 
40  150 
-110  -40 
-110  20 
-20  130 
140  140 
-80  140 
110  -50 
140  0 
80  -30 
30  80 
110  50 
-30  -30 
50  160 
-20  90 
-40  40 
50  0 
-60  -50 
-150  70 
-10  120 
-60  110 
90  -20 
-150  150 
30  110 
40  70 
-60  60 
-20  0 
110  160 
40  0 
-30  110 
10  120 
120  10 
-110  0 
0  110 
40  110 
160  -50 
-110  10 
20  20 
-110  130 
140  80 
-30  80 
110  140 
-10  0 
-70  150 
130  -20 
-130  90 
110  -10 
-110  120 
0  150 
-40  150 
140  30 
-160  60 
0  140 
-10  10 
-20  110 
0  130 
90  0 
30  30 
-120  0 
110  130 
-110  -10 
130  20 
-130  20 
-80  110 
-120  120 
-140  -30 
-70  -40 
-90  110 
60  50 
-90  90 
-120  10 
130  110 
150  40 
0  120 
-70  0 
-70  70 
30  -30 

2 
1 
12 
1 
4 
12 
4 
1 
1 
8 
4 
8 
1 
1 
8 
12 
2 
1 
4 
1 
12 
12 
12 
12 
4 
8 
4 
2 
2 
1 
4 
12 
8 
8 
1 
4 
8 
8 
2 
1 
8 
8 
8 
8 
12 
8 
12 
1 
2 
12 
8 
8 
4 
1 
1 
12 
4 
4 
2 
4 
2 
1 
2 
2 
12 
2 
4 
2 
1 
4 
12 
8 
8 
4 
4 
1 
2 
12 
4 
2 
1 
8 
12 
4 
12 
2 
4 
4 
2 
2 
8 
2 
8 
12 
8 
2 
8 
2 
4 
4 
0 
0 
0 
0 
0 
0 

0
0
3
0
0
3
0
0
0
1
0
1
0
0
1
3
0
0
0
0
3
3
3
3
0
1
0
0
0
0
0
3
1
1
0
0
1
1
0
0
1
1
1
1
3
1
3
0
0
3
1
1
0
0
0
3
0
0
0
0
0
0
0
0
3
0
0
0
0
0
3
1
1
0
0
0
0
3
0
0
0
1
3
0
3
0
0
0
0
0
1
0
1
3
1
0
1
0
0
0
