100
6
60
25
-30  0 
-70  70 
130  130 
-110  100 
-50  60 
0  20 
40  0 
-120  0 
-70  110 
110  30 
-100  100 
-160  0 
-30  110 
40  150 
20  110 
130  90 
-100  -10 
160  0 
-150  110 
40  40 
-20  20 
0  50 
-70  40 
-40  0 
20  20 
10  10 
-10  0 
40  -40 
110  120 
0  -10 
90  110 
-30  80 
110  160 
-120  100 
60  60 
100  110 
110  40 
-110  10 
70  110 
-20  130 
60  50 
-30  -30 
140  140 
110  100 
70  40 
20  -20 
130  20 
120  10 
10  100 
-40  150 
0  100 
110  70 
-150  -40 
30  110 
0  140 
-160  50 
-50  0 
-150  150 
-110  -30 
-10  110 
-90  110 
110  10 
-80  0 
140  -30 
100  -10 
-90  90 
50  -50 
0  30 
-20  0 
30  80 
-110  80 
-120  10 
-130  130 
80  110 
-20  90 
-30  30 
80  80 
130  110 
-60  -50 
-70  0 
-60  0 
60  -50 
-60  160 
70  -40 
-80  -30 
120  0 
100  120 
-110  60 
0  70 
110  140 
70  150 
-100  0 
-40  70 
30  -30 
-90  0 
-140  80 
40  70 
120  110 
90  90 
80  30 
80  -30 
0  80 
110  130 
70  0 
160  160 
-70  -40 

4 
4 
12 
2 
1 
1 
4 
1 
1 
2 
2 
12 
2 
8 
8 
8 
8 
8 
4 
4 
1 
1 
2 
12 
12 
1 
4 
4 
4 
4 
8 
8 
4 
2 
4 
8 
2 
12 
1 
1 
12 
8 
4 
8 
4 
12 
12 
8 
4 
8 
2 
1 
2 
2 
1 
12 
2 
8 
8 
12 
2 
12 
2 
2 
1 
4 
4 
2 
1 
8 
1 
12 
2 
1 
12 
2 
2 
8 
4 
12 
8 
2 
12 
2 
4 
4 
8 
1 
12 
2 
2 
4 
1 
2 
2 
2 
12 
8 
4 
2 
0 
0 
0 
0 
0 
0 

0
0
3
0
0
0
0
0
0
0
0
3
0
1
1
1
1
1
0
0
0
0
0
3
3
0
0
0
0
0
1
1
0
0
0
1
0
3
0
0
3
1
0
1
0
3
3
1
0
1
0
0
0
0
0
3
0
1
1
3
0
3
0
0
0
0
0
0
0
1
0
3
0
0
3
0
0
1
0
3
1
0
3
0
0
0
1
0
3
0
0
0
0
0
0
0
3
1
0
0
