100
6
60
25
-40  -40 
50  -50 
70  70 
30  30 
110  40 
0  0 
70  110 
10  -10 
-60  160 
70  -40 
110  60 
110  -50 
0  -50 
-70  0 
-110  150 
-50  0 
60  110 
-150  -40 
0  160 
110  10 
-130  0 
-60  110 
-110  40 
30  110 
-20  20 
-110  30 
90  110 
-90  0 
140  80 
-10  -10 
0  150 
110  30 
140  110 
-140  0 
100  10 
-30  110 
0  120 
30  -30 
-140  30 
-110  140 
60  -50 
-30  0 
120  10 
-160  50 
80  -30 
-90  130 
120  100 
-110  90 
0  60 
-120  10 
70  150 
80  110 
60  0 
-140  80 
10  120 
30  140 
-110  110 
20  20 
-110  60 
-120  0 
40  150 
30  0 
100  120 
-70  70 
110  70 
-50  160 
-80  140 
-150  150 
150  70 
-110  -50 
-130  -20 
-110  -40 
-150  110 
0  20 
120  -10 
-40  40 
-150  40 
-100  120 
0  130 
-80  80 
110  110 
150  0 
-110  10 
140  0 
120  0 
110  90 
-160  160 
-100  10 
-110  -10 
130  110 
10  110 
-100  110 
-110  -30 
-20  110 
-90  110 
90  -20 
90  130 
-80  0 
-150  0 
-110  120 
0  140 
100  0 
-110  20 
-100  -10 
150  110 
150  -40 

4 
2 
1 
4 
12 
1 
8 
8 
12 
2 
12 
2 
2 
4 
1 
2 
1 
8 
2 
4 
8 
12 
8 
12 
4 
1 
1 
2 
8 
8 
4 
1 
12 
2 
1 
4 
12 
2 
2 
4 
8 
1 
12 
1 
1 
12 
12 
2 
2 
1 
8 
4 
12 
12 
8 
4 
12 
12 
4 
1 
1 
4 
2 
2 
2 
1 
1 
2 
1 
2 
2 
1 
4 
8 
12 
1 
2 
8 
1 
4 
2 
1 
4 
8 
1 
4 
1 
2 
12 
8 
1 
1 
4 
4 
12 
4 
12 
8 
4 
8 
0 
0 
0 
0 
0 
0 

0
0
0
0
3
0
1
1
3
0
3
0
0
0
0
0
0
1
0
0
1
3
1
3
0
0
0
0
1
1
0
0
3
0
0
0
3
0
0
0
1
0
3
0
0
3
3
0
0
0
1
0
3
3
1
0
3
3
0
0
0
0
0
0
0
0
0
0
0
0
0
0
0
1
3
0
0
1
0
0
0
0
0
1
0
0
0
0
3
1
0
0
0
0
3
0
3
1
0
1
