50
4
60
20
-140  140 
-30  30 
-30  80 
-20  20 
-20  130 
50  110 
0  160 
-120  0 
110  -40 
10  100 
110  0 
-110  -10 
70  0 
0  90 
-90  -20 
110  150 
40  150 
-30  110 
130  20 
110  160 
-110  0 
-60  160 
70  40 
120  10 
-100  120 
-110  160 
-30  0 
70  150 
0  -30 
-110  110 
20  130 
130  -20 
160  110 
80  140 
-40  150 
100  120 
-120  10 
-110  30 
100  0 
0  110 
0  -50 
-130  0 
60  60 
-140  30 
110  80 
0  140 
0  100 
-130  -20 
-140  0 
70  -40 
0  -10 
30  -30 
20  -20 
160  50 

12 
2 
2 
4 
2 
8 
12 
12 
8 
2 
12 
2 
4 
8 
1 
8 
2 
4 
2 
12 
4 
8 
4 
4 
1 
12 
4 
12 
8 
2 
4 
1 
2 
1 
12 
1 
2 
12 
8 
2 
2 
12 
2 
4 
12 
1 
4 
8 
2 
8 
0 
0 
0 
0 

3
0
0
0
0
1
3
3
1
0
3
0
0
1
0
1
0
0
0
3
0
1
0
0
0
3
0
3
1
0
0
0
0
0
3
0
0
3
1
0
0
3
0
0
3
0
0
1
0
1
