50
4
60
20
-150  110 
140  30 
130  110 
110  160 
120  -10 
0  140 
-70  40 
0  10 
160  -50 
-110  80 
-70  150 
120  0 
20  -20 
-130  20 
-140  0 
90  -20 
110  -30 
50  0 
0  -40 
-20  110 
0  150 
110  60 
110  120 
130  0 
90  0 
-90  110 
-40  40 
110  -10 
160  50 
-20  90 
-160  0 
-110  -20 
-80  110 
30  0 
0  130 
0  80 
0  90 
-10  0 
-150  40 
-110  10 
70  70 
-50  160 
110  100 
-30  140 
-50  60 
0  160 
140  110 
80  80 
0  0 
60  160 
30  30 
0  30 
-120  -10 
-100  110 

8 
12 
8 
2 
2 
4 
8 
12 
2 
2 
4 
12 
1 
8 
1 
4 
8 
12 
8 
2 
2 
4 
1 
1 
4 
2 
12 
1 
2 
8 
8 
1 
2 
4 
1 
12 
4 
2 
8 
2 
4 
12 
4 
2 
1 
12 
2 
8 
8 
12 
0 
0 
0 
0 

1
3
1
0
0
0
1
3
0
0
0
3
0
1
0
0
1
3
1
0
0
0
0
0
0
0
3
0
0
1
1
0
0
0
0
3
0
0
1
0
0
3
0
0
0
3
0
1
1
3
