50
4
60
20
-70  150 
50  110 
140  140 
-90  90 
-20  20 
-10  110 
110  30 
70  70 
0  50 
-80  140 
30  80 
20  110 
0  160 
100  10 
-40  40 
-110  -50 
-30  0 
-110  110 
30  110 
140  80 
40  40 
110  -20 
140  -30 
-140  110 
-70  40 
-110  -40 
90  110 
-130  -20 
120  100 
60  -50 
-110  160 
110  110 
160  110 
0  -20 
10  10 
0  10 
-130  90 
30  -30 
120  0 
100  100 
0  80 
80  80 
150  150 
110  -40 
70  40 
-70  0 
-160  110 
0  70 
60  50 
-30  110 
50  160 
-70  110 
110  20 
0  150 

2 
12 
8 
8 
4 
2 
1 
2 
8 
4 
12 
12 
2 
12 
8 
12 
1 
12 
4 
4 
2 
1 
4 
2 
4 
8 
2 
1 
2 
4 
4 
2 
1 
1 
8 
12 
12 
1 
8 
1 
4 
1 
8 
2 
8 
1 
8 
1 
12 
12 
0 
0 
0 
0 

0
3
1
1
0
0
0
0
1
0
3
3
0
3
1
3
0
3
0
0
0
0
0
0
0
1
0
0
0
0
0
0
0
0
1
3
3
0
1
0
0
0
1
0
1
0
1
0
3
3
