2 2 50 4 5
0 160
 1 37 52 0   7 0
 2 49 49 0  30 2
 3 52 64 0  16 1
 4 20 26 0   9 0
 5 40 30 0  21 1
 6 21 47 0  15 1
 7 17 63 0  19 1
 8 31 62 0  23 1
 9 52 33 0  11 0
10 51 21 0   5 0
11 42 41 0  19 1
12 31 32 0  29 2
13  5 25 0  23 1
14 12 42 0  21 1
15 36 16 0  10 0
16 52 41 0  15 1
17 27 23 0   3 0
18 17 33 0  41 3
19 13 13 0   9 0
20 57 58 0  28 2
21 62 42 0   8 0
22 42 57 0   8 0
23 16 57 0  16 1
24  8 52 0  10 0
25  7 38 0  28 2
26 27 68 0   7 0
27 30 48 0  15 1
28 43 67 0  14 1
29 58 48 0   6 0
30 58 27 0  19 1
31 37 69 0  11 0
32 38 46 0  12 0
33 46 10 0  23 1
34 61 33 0  26 1
35 62 63 0  17 1
36 63 69 0   6 0
37 32 22 0   9 0
38 45 35 0  15 1
39 59 15 0  14 1
40  5  6 0   7 0
41 10 17 0  27 1
42 21 10 0  13 0
43  5 64 0  11 0
44 30 15 0  16 1
45 39 10 0  10 0
46 32 39 0   5 0
47 25 32 0  25 1
48 25 55 0  17 1
49 48 28 0  18 1
50 56 37 0  10 0
51 20 20 0
52 30 40 0
53 50 30 0
54 60 50 0
