2 5 80 2 10
180 60
 1 -10 -10 0 12 3
 2 -10   0 0 12 3
 3 -10  10 0 12 3
 4   0 -10 0 12 3
 5   0  10 0 12 3
 6  10 -10 0 12 3
 7  10   0 0 12 3
 8  10  10 0 12 3
 9 -20 -20 0  8 2
10 -20   0 0  8 2
11 -20  20 0  8 2
12   0 -20 0  8 2
13   0  20 0  8 2
14  20 -20 0  8 2
15  20   0 0  8 2
16  20  20 0  8 2
17 -30 -30 0  4 1
18 -30   0 0  4 1
19 -30  30 0  4 1
20   0 -30 0  4 1
21   0  30 0  4 1
22  30 -30 0  4 1
23  30   0 0  4 1
24  30  30 0  4 1
25 -40 -40 0  2 0
26 -40   0 0  2 0
27 -40  40 0  2 0
28   0 -40 0  2 0
29   0  40 0  2 0
30  40 -40 0  2 0
31  40   0 0  2 0
32  40  40 0  2 0
33 -50 -50 0  1 0
34 -50   0 0  1 0
35 -50  50 0  1 0
36   0 -50 0  1 0
37   0  50 0  1 0
38  50 -50 0  1 0
39  50   0 0  1 0
40  50  50 0  1 0
41 100 -10 0 12 3
42 100   0 0 12 3
43 100  10 0 12 3
44 110 -10 0 12 3
45 110  10 0 12 3
46 120 -10 0 12 3
47 120   0 0 12 3
48 120  10 0 12 3
49  90 -20 0  8 2
50  90   0 0  8 2
51  90  20 0  8 2
52 110 -20 0  8 2
53 110  20 0  8 2
54 130 -20 0  8 2
55 130   0 0  8 2
56 130  20 0  8 2
57  80 -30 0  4 1
58  80   0 0  4 1
59  80  30 0  4 1
60 110 -30 0  4 1
61 110  30 0  4 1
62 140 -30 0  4 1
63 140   0 0  4 1
64 140  30 0  4 1
65  70 -40 0  2 0
66  70   0 0  2 0
67  70  40 0  2 0
68 110 -40 0  2 0
69 110  40 0  2 0
70 150 -40 0  2 0
71 150   0 0  2 0
72 150  40 0  2 0
73  60 -50 0  1 0
74  60   0 0  1 0
75  60  50 0  1 0
76 110 -50 0  1 0
77 110  50 0  1 0
78 160 -50 0  1 0
79 160   0 0  1 0
80 160  50 0  1 0
81   0   0 0
82 110   0 0
