2 5 160 4 16
0 60
  1 -10 -10 0 12 3
  2 -10   0 0 12 3
  3 -10  10 0 12 3
  4   0 -10 0 12 3
  5   0  10 0 12 3
  6  10 -10 0 12 3
  7  10   0 0 12 3
  8  10  10 0 12 3
  9 -20 -20 0  8 2
 10 -20   0 0  8 2
 11 -20  20 0  8 2
 12   0 -20 0  8 2
 13   0  20 0  8 2
 14  20 -20 0  8 2
 15  20   0 0  8 2
 16  20  20 0  8 2
 17 -30 -30 0  4 1
 18 -30   0 0  4 1
 19 -30  30 0  4 1
 20   0 -30 0  4 1
 21   0  30 0  4 1
 22  30 -30 0  4 1
 23  30   0 0  4 1
 24  30  30 0  4 1
 25 -40 -40 0  2 0
 26 -40   0 0  2 0
 27 -40  40 0  2 0
 28   0 -40 0  2 0
 29   0  40 0  2 0
 30  40 -40 0  2 0
 31  40   0 0  2 0
 32  40  40 0  2 0
 33 -50 -50 0  1 0
 34 -50   0 0  1 0
 35 -50  50 0  1 0
 36   0 -50 0  1 0
 37   0  50 0  1 0
 38  50 -50 0  1 0
 39  50   0 0  1 0
 40  50  50 0  1 0
 41 100 -10 0 12 3
 42 100   0 0 12 3
 43 100  10 0 12 3
 44 110 -10 0 12 3
 45 110  10 0 12 3
 46 120 -10 0 12 3
 47 120   0 0 12 3
 48 120  10 0 12 3
 49  90 -20 0  8 2
 50  90   0 0  8 2
 51  90  20 0  8 2
 52 110 -20 0  8 2
 53 110  20 0  8 2
 54 130 -20 0  8 2
 55 130   0 0  8 2
 56 130  20 0  8 2
 57  80 -30 0  4 1
 58  80   0 0  4 1
 59  80  30 0  4 1
 60 110 -30 0  4 1
 61 110  30 0  4 1
 62 140 -30 0  4 1
 63 140   0 0  4 1
 64 140  30 0  4 1
 65  70 -40 0  2 0
 66  70   0 0  2 0
 67  70  40 0  2 0
 68 110 -40 0  2 0
 69 110  40 0  2 0
 70 150 -40 0  2 0
 71 150   0 0  2 0
 72 150  40 0  2 0
 73  60 -50 0  1 0
 74  60   0 0  1 0
 75  60  50 0  1 0
 76 110 -50 0  1 0
 77 110  50 0  1 0
 78 160 -50 0  1 0
 79 160   0 0  1 0
 80 160  50 0  1 0
 81 100 100 0 12 3
 82 100 110 0 12 3
 83 100 120 0 12 3
 84 110 100 0 12 3
 85 110 120 0 12 3
 86 120 100 0 12 3
 87 120 110 0 12 3
 88 120 120 0 12 3
 89  90  90 0  8 2
 90  90 110 0  8 2
 91  90 130 0  8 2
 92 110  90 0  8 2
 93 110 130 0  8 2
 94 130  90 0  8 2
 95 130 110 0  8 2
 96 130 130 0  8 2
 97  80  80 0  4 1
 98  80 110 0  4 1
 99  80 140 0  4 1
100 110  80 0  4 1
101 110 140 0  4 1
102 140  80 0  4 1
103 140 110 0  4 1
104 140 140 0  4 1
105  70  70 0  2 0
106  70 110 0  2 0
107  70 150 0  2 0
108 110  70 0  2 0
109 110 150 0  2 0
110 150  70 0  2 0
111 150 110 0  2 0
112 150 150 0  2 0
113  60  60 0  1 0
114  60 110 0  1 0
115  60 160 0  1 0
116 110  60 0  1 0
117 110 160 0  1 0
118 160  60 0  1 0
119 160 110 0  1 0
120 160 160 0  1 0
121 -10 100 0 12 3
122 -10 110 0 12 3
123 -10 120 0 12 3
124   0 100 0 12 3
125   0 120 0 12 3
126  10 100 0 12 3
127  10 110 0 12 3
128  10 120 0 12 3
129 -20  90 0  8 2
130 -20 110 0  8 2
131 -20 130 0  8 2
132   0  90 0  8 2
133   0 130 0  8 2
134  20  90 0  8 2
135  20 110 0  8 2
136  20 130 0  8 2
137 -30  80 0  4 1
138 -30 110 0  4 1
139 -30 140 0  4 1
140   0  80 0  4 1
141   0 140 0  4 1
142  30  80 0  4 1
143  30 110 0  4 1
144  30 140 0  4 1
145 -40  70 0  2 0
146 -40 110 0  2 0
147 -40 150 0  2 0
148   0  70 0  2 0
149   0 150 0  2 0
150  40  70 0  2 0
151  40 110 0  2 0
152  40 150 0  2 0
153 -50  60 0  1 0
154 -50 110 0  1 0
155 -50 160 0  1 0
156   0  60 0  1 0
157   0 160 0  1 0
158  50  60 0  1 0
159  50 110 0  1 0
160  50 160 0  1 0
161   0   0 0
162 110   0 0
163 110 110 0
164   0 110 0
