2 5 360 9 35
200 60
  1  -10  -10 0 12 3
  2  -10    0 0 12 3
  3  -10   10 0 12 3
  4    0  -10 0 12 3
  5    0   10 0 12 3
  6   10  -10 0 12 3
  7   10    0 0 12 3
  8   10   10 0 12 3
  9  -20  -20 0  8 2
 10  -20    0 0  8 2
 11  -20   20 0  8 2
 12    0  -20 0  8 2
 13    0   20 0  8 2
 14   20  -20 0  8 2
 15   20    0 0  8 2
 16   20   20 0  8 2
 17  -30  -30 0  4 1
 18  -30    0 0  4 1
 19  -30   30 0  4 1
 20    0  -30 0  4 1
 21    0   30 0  4 1
 22   30  -30 0  4 1
 23   30    0 0  4 1
 24   30   30 0  4 1
 25  -40  -40 0  2 0
 26  -40    0 0  2 0
 27  -40   40 0  2 0
 28    0  -40 0  2 0
 29    0   40 0  2 0
 30   40  -40 0  2 0
 31   40    0 0  2 0
 32   40   40 0  2 0
 33  -50  -50 0  1 0
 34  -50    0 0  1 0
 35  -50   50 0  1 0
 36    0  -50 0  1 0
 37    0   50 0  1 0
 38   50  -50 0  1 0
 39   50    0 0  1 0
 40   50   50 0  1 0
 41  100  -10 0 12 3
 42  100    0 0 12 3
 43  100   10 0 12 3
 44  110  -10 0 12 3
 45  110   10 0 12 3
 46  120  -10 0 12 3
 47  120    0 0 12 3
 48  120   10 0 12 3
 49   90  -20 0  8 2
 50   90    0 0  8 2
 51   90   20 0  8 2
 52  110  -20 0  8 2
 53  110   20 0  8 2
 54  130  -20 0  8 2
 55  130    0 0  8 2
 56  130   20 0  8 2
 57   80  -30 0  4 1
 58   80    0 0  4 1
 59   80   30 0  4 1
 60  110  -30 0  4 1
 61  110   30 0  4 1
 62  140  -30 0  4 1
 63  140    0 0  4 1
 64  140   30 0  4 1
 65   70  -40 0  2 0
 66   70    0 0  2 0
 67   70   40 0  2 0
 68  110  -40 0  2 0
 69  110   40 0  2 0
 70  150  -40 0  2 0
 71  150    0 0  2 0
 72  150   40 0  2 0
 73   60  -50 0  1 0
 74   60    0 0  1 0
 75   60   50 0  1 0
 76  110  -50 0  1 0
 77  110   50 0  1 0
 78  160  -50 0  1 0
 79  160    0 0  1 0
 80  160   50 0  1 0
 81  100  100 0 12 3
 82  100  110 0 12 3
 83  100  120 0 12 3
 84  110  100 0 12 3
 85  110  120 0 12 3
 86  120  100 0 12 3
 87  120  110 0 12 3
 88  120  120 0 12 3
 89   90   90 0  8 2
 90   90  110 0  8 2
 91   90  130 0  8 2
 92  110   90 0  8 2
 93  110  130 0  8 2
 94  130   90 0  8 2
 95  130  110 0  8 2
 96  130  130 0  8 2
 97   80   80 0  4 1
 98   80  110 0  4 1
 99   80  140 0  4 1
100  110   80 0  4 1
101  110  140 0  4 1
102  140   80 0  4 1
103  140  110 0  4 1
104  140  140 0  4 1
105   70   70 0  2 0
106   70  110 0  2 0
107   70  150 0  2 0
108  110   70 0  2 0
109  110  150 0  2 0
110  150   70 0  2 0
111  150  110 0  2 0
112  150  150 0  2 0
113   60   60 0  1 0
114   60  110 0  1 0
115   60  160 0  1 0
116  110   60 0  1 0
117  110  160 0  1 0
118  160   60 0  1 0
119  160  110 0  1 0
120  160  160 0  1 0
121  -10  100 0 12 3
122  -10  110 0 12 3
123  -10  120 0 12 3
124    0  100 0 12 3
125    0  120 0 12 3
126   10  100 0 12 3
127   10  110 0 12 3
128   10  120 0 12 3
129  -20   90 0  8 2
130  -20  110 0  8 2
131  -20  130 0  8 2
132    0   90 0  8 2
133    0  130 0  8 2
134   20   90 0  8 2
135   20  110 0  8 2
136   20  130 0  8 2
137  -30   80 0  4 1
138  -30  110 0  4 1
139  -30  140 0  4 1
140    0   80 0  4 1
141    0  140 0  4 1
142   30   80 0  4 1
143   30  110 0  4 1
144   30  140 0  4 1
145  -40   70 0  2 0
146  -40  110 0  2 0
147  -40  150 0  2 0
148    0   70 0  2 0
149    0  150 0  2 0
150   40   70 0  2 0
151   40  110 0  2 0
152   40  150 0  2 0
153  -50   60 0  1 0
154  -50  110 0  1 0
155  -50  160 0  1 0
156    0   60 0  1 0
157    0  160 0  1 0
158   50   60 0  1 0
159   50  110 0  1 0
160   50  160 0  1 0
161 -120  100 0 12 3
162 -120  110 0 12 3
163 -120  120 0 12 3
164 -110  100 0 12 3
165 -110  120 0 12 3
166 -100  100 0 12 3
167 -100  110 0 12 3
168 -100  120 0 12 3
169 -130   90 0  8 2
170 -130  110 0  8 2
171 -130  130 0  8 2
172 -110   90 0  8 2
173 -110  130 0  8 2
174  -90   90 0  8 2
175  -90  110 0  8 2
176  -90  130 0  8 2
177 -140   80 0  4 1
178 -140  110 0  4 1
179 -140  140 0  4 1
180 -110   80 0  4 1
181 -110  140 0  4 1
182  -80   80 0  4 1
183  -80  110 0  4 1
184  -80  140 0  4 1
185 -150   70 0  2 0
186 -150  110 0  2 0
187 -150  150 0  2 0
188 -110   70 0  2 0
189 -110  150 0  2 0
190  -70   70 0  2 0
191  -70  110 0  2 0
192  -70  150 0  2 0
193 -160   60 0  1 0
194 -160  110 0  1 0
195 -160  160 0  1 0
196 -110   60 0  1 0
197 -110  160 0  1 0
198  -60   60 0  1 0
199  -60  110 0  1 0
200  -60  160 0  1 0
201 -120  -10 0 12 3
202 -120    0 0 12 3
203 -120   10 0 12 3
204 -110  -10 0 12 3
205 -110   10 0 12 3
206 -100  -10 0 12 3
207 -100    0 0 12 3
208 -100   10 0 12 3
209 -130  -20 0  8 2
210 -130    0 0  8 2
211 -130   20 0  8 2
212 -110  -20 0  8 2
213 -110   20 0  8 2
214  -90  -20 0  8 2
215  -90    0 0  8 2
216  -90   20 0  8 2
217 -140  -30 0  4 1
218 -140    0 0  4 1
219 -140   30 0  4 1
220 -110  -30 0  4 1
221 -110   30 0  4 1
222  -80  -30 0  4 1
223  -80    0 0  4 1
224  -80   30 0  4 1
225 -150  -40 0  2 0
226 -150    0 0  2 0
227 -150   40 0  2 0
228 -110  -40 0  2 0
229 -110   40 0  2 0
230  -70  -40 0  2 0
231  -70    0 0  2 0
232  -70   40 0  2 0
233 -160  -50 0  1 0
234 -160    0 0  1 0
235 -160   50 0  1 0
236 -110  -50 0  1 0
237 -110   50 0  1 0
238  -60  -50 0  1 0
239  -60    0 0  1 0
240  -60   50 0  1 0
241 -120 -120 0 12 3
242 -120 -110 0 12 3
243 -120 -100 0 12 3
244 -110 -120 0 12 3
245 -110 -100 0 12 3
246 -100 -120 0 12 3
247 -100 -110 0 12 3
248 -100 -100 0 12 3
249 -130 -130 0  8 2
250 -130 -110 0  8 2
251 -130  -90 0  8 2
252 -110 -130 0  8 2
253 -110  -90 0  8 2
254  -90 -130 0  8 2
255  -90 -110 0  8 2
256  -90  -90 0  8 2
257 -140 -140 0  4 1
258 -140 -110 0  4 1
259 -140  -80 0  4 1
260 -110 -140 0  4 1
261 -110  -80 0  4 1
262  -80 -140 0  4 1
263  -80 -110 0  4 1
264  -80  -80 0  4 1
265 -150 -150 0  2 0
266 -150 -110 0  2 0
267 -150  -70 0  2 0
268 -110 -150 0  2 0
269 -110  -70 0  2 0
270  -70 -150 0  2 0
271  -70 -110 0  2 0
272  -70  -70 0  2 0
273 -160 -160 0  1 0
274 -160 -110 0  1 0
275 -160  -60 0  1 0
276 -110 -160 0  1 0
277 -110  -60 0  1 0
278  -60 -160 0  1 0
279  -60 -110 0  1 0
280  -60  -60 0  1 0
281  -10 -120 0 12 3
282  -10 -110 0 12 3
283  -10 -100 0 12 3
284    0 -120 0 12 3
285    0 -100 0 12 3
286   10 -120 0 12 3
287   10 -110 0 12 3
288   10 -100 0 12 3
289  -20 -130 0  8 2
290  -20 -110 0  8 2
291  -20  -90 0  8 2
292    0 -130 0  8 2
293    0  -90 0  8 2
294   20 -130 0  8 2
295   20 -110 0  8 2
296   20  -90 0  8 2
297  -30 -140 0  4 1
298  -30 -110 0  4 1
299  -30  -80 0  4 1
300    0 -140 0  4 1
301    0  -80 0  4 1
302   30 -140 0  4 1
303   30 -110 0  4 1
304   30  -80 0  4 1
305  -40 -150 0  2 0
306  -40 -110 0  2 0
307  -40  -70 0  2 0
308    0 -150 0  2 0
309    0  -70 0  2 0
310   40 -150 0  2 0
311   40 -110 0  2 0
312   40  -70 0  2 0
313  -50 -160 0  1 0
314  -50 -110 0  1 0
315  -50  -60 0  1 0
316    0 -160 0  1 0
317    0  -60 0  1 0
318   50 -160 0  1 0
319   50 -110 0  1 0
320   50  -60 0  1 0
321  100 -120 0 12 3
322  100 -110 0 12 3
323  100 -100 0 12 3
324  110 -120 0 12 3
325  110 -100 0 12 3
326  120 -120 0 12 3
327  120 -110 0 12 3
328  120 -100 0 12 3
329   90 -130 0  8 2
330   90 -110 0  8 2
331   90  -90 0  8 2
332  110 -130 0  8 2
333  110  -90 0  8 2
334  130 -130 0  8 2
335  130 -110 0  8 2
336  130  -90 0  8 2
337   80 -140 0  4 1
338   80 -110 0  4 1
339   80  -80 0  4 1
340  110 -140 0  4 1
341  110  -80 0  4 1
342  140 -140 0  4 1
343  140 -110 0  4 1
344  140  -80 0  4 1
345   70 -150 0  2 0
346   70 -110 0  2 0
347   70  -70 0  2 0
348  110 -150 0  2 0
349  110  -70 0  2 0
350  150 -150 0  2 0
351  150 -110 0  2 0
352  150  -70 0  2 0
353   60 -160 0  1 0
354   60 -110 0  1 0
355   60  -60 0  1 0
356  110 -160 0  1 0
357  110  -60 0  1 0
358  160 -160 0  1 0
359  160 -110 0  1 0
360  160  -60 0  1 0
361    0    0 0
362  110    0 0
363  110  110 0
364    0  110 0
365 -110  110 0
366 -110    0 0
367 -110 -110 0
368    0 -110 0
369  110 -110 0
