2 4 192 4 14
440 185
  1 -44.629 -55.640  6 11 1
  2  36.096  64.935 16 11 1
  3 -25.470  44.580  7 23 2
  4 -33.954 -73.059 20 16 1
  5  45.654  35.730  7 16 1
  6  14.954 -36.719  8  2 0
  7  -1.477  47.205  4  1 0
  8   2.155 -40.912 23 25 3
  9  22.992   1.398  4 24 2
 10 -28.857   5.957  5 14 1
 11 -48.120  94.116 15  6 0
 12   7.239  17.322 12 20 2
 13   4.614  27.051 12 10 1
 14 -13.971  28.198 18 11 1
 15  12.946 -11.688 19  2 0
 16 -36.670  23.102 17 22 2
 17  -4.224 -49.310  2  2 0
 18   1.093  -7.135 15 12 1
 19 -56.958  27.905 10  9 1
 20 -80.994 -77.686  3 21 2
 21  72.260  59.027 24 10 1
 22 -21.655   1.636  1 13 1
 23 -20.154 -62.415 22 25 3
 24 -48.157   6.287 22  9 1
 25  -5.078  61.597 17 19 2
 26  17.145 -47.046  7 22 2
 27 -16.064   8.557 11  4 0
 28   6.683 -27.069  4  4 0
 29  15.027 -34.979 15  7 0
 30  37.946  73.914 15 20 2
 31 -41.199 -43.018  9 17 2
 32  32.538  11.786 15 19 2
 33 -20.306 -20.239  1 12 1
 34 -35.480  19.135 13  2 0
 35  58.038  56.659 17 13 1
 36 -36.694  -6.256 17 24 2
 37   0.446 -46.735 25 22 2
 38 -19.690  38.977  5 17 2
 39 -47.339  20.911 25 19 2
 40 -79.236 -57.678  2  4 0
 41   5.597 -34.076  9 12 1
 42  34.454  -8.289  7 22 2
 43  18.500 -51.154  5  2 0
 44  -4.346 -44.525  3 19 2
 45 -14.148 -74.164 17  3 0
 46  19.867  77.515 12  5 0
 47 -50.079  17.871 21 22 2
 48  42.786 -79.883 18  6 0
 49   1.520 -29.034  8  9 1
 50  14.728  -3.436 14  8 0
 51 -26.166 -48.999 22 24 2
 52 -63.873  -5.273 16 15 1
 53 -54.138   7.086 21 16 1
 54  17.932 -34.094  7  9 1
 55 -98.706  34.552 12  1 0
 56  28.802  -8.582  2 18 2
 57   2.716  90.594  5 17 2
 58 -31.024  48.938  3 18 2
 59 -46.545  42.316 11  2 0
 60  27.289  58.179  2 25 3
 61  28.815 -28.027  7 21 2
 62 -26.099  11.328 20 19 2
 63   0.537 -26.221  7 10 1
 64 -50.458   7.812 11  2 0
 65  30.005  19.092 24 21 2
 66 -12.604  22.058 15 20 2
 67  22.009  -8.636  5 21 2
 68   8.942   2.875 25  2 0
 69 -19.812   0.922 12  6 0
 70  -4.230  31.250 22  2 0
 71  17.975  -0.409 11 12 1
 72  -2.350  42.938 16 12 1
 73 -16.516  68.085 10  5 0
 74  -1.190  42.023  3  5 0
 75  56.635 -44.019 10  8 0
 76  57.483  35.504 17 15 1
 77 -26.099   7.477  2  8 0
 78   7.489 -57.239 21  7 0
 79 -22.095  55.780 16 14 1
 80  19.867  38.824  6 18 2
 81   5.310  49.219 12 17 2
 82  15.155   6.299 23  5 0
 83   5.481 -31.500 23  6 0
 84   7.959 -28.662 18  9 1
 85 -75.812   4.010 18 24 2
 86 -43.671 -61.646 14 13 1
 87  -2.576 -62.140  2  5 0
 88 -18.842 -36.884 11  4 0
 89  20.844  21.167 24 22 2
 90   3.137 -19.220 14 24 2
 91 -20.361  18.878  3 25 3
 92  -0.897 -54.938 21  9 1
 93 -29.553   9.277  8  8 0
 94   5.048 -35.046 19  8 0
 95  27.759  48.712  7 25 3
 96  12.079 -42.346 19  7 0
 97 -51.270  41.144 23 24 2
 98 -29.077   4.291  8 16 1
 99 -18.555 -14.819 18 15 1
100   7.855 -49.451  7  7 0
101 -19.116 -32.086  1 17 2
102  17.651 -52.271  9  9 1
103  16.907 -62.964  5 14 1
104  18.988   6.219 23 20 2
105 -68.878 -64.539 18  6 0
106 -13.361  20.264  5 17 2
107 -44.440  63.721 17 23 2
108  -6.500  71.436  9 14 1
109 -51.978  25.409 19 19 2
110  -0.739  59.491 20 21 2
111 -64.679  83.038  1  6 0
112 -11.273 -35.944 18  1 0
113 -16.864   7.776 15 22 2
114  19.843 -49.805 10  7 0
115 -16.284  -2.936  8 14 1
116   8.356  67.041 14  7 0
117  30.878  24.316 15 25 3
118  93.524 -20.233 17 17 2
119  -9.332 -56.177  9 10 1
120 -34.442 -63.312 13 23 2
121  20.941  -5.646 18 22 2
122  -3.418  89.594 20  3 0
123 -18.738  45.227  8 14 1
124   2.435 -30.524  2 14 1
125 -28.864  56.616  7  2 0
126  76.880 -29.901  6  2 0
127 -90.466  10.278 12 21 2
128 -35.101  46.545 12 10 1
129 -48.395  43.854 25 10 1
130 -40.997  26.703  6  5 0
131  13.696  34.607  5  9 1
132 -71.472  11.450 20 15 1
133 -36.230  51.904  2 19 2
134 -39.465   4.907 25  7 0
135 -16.565  23.773  7 11 1
136  10.754 -28.552  6  2 0
137 -23.029  47.015 21 25 3
138  -8.807  21.216 19 14 1
139 -40.039  27.435 22 15 1
140 -37.445 -41.040  8 12 1
141  48.224   0.085 19 11 1
142  -0.323  68.237  6 17 2
143 -14.294 -33.423 24  4 0
144  -1.440 -34.814 15 24 2
145 -34.454  42.346 25  8 0
146   8.679 -66.180  6 20 2
147 -61.249 -51.367 21 12 1
148  -1.093   9.912  4 10 1
149 -16.565  66.547 10 12 1
150   8.435  52.838 16  9 1
151 -22.034 -36.896 12 16 1
152  15.765  17.322 13 23 2
153   9.003 -18.695  2 15 1
154  -4.584   3.491  3 10 1
155   8.875  40.662 10 21 2
156  26.093 -33.966 18  2 0
157 -32.501  39.526 18 16 1
158 -32.629 -82.581 11 15 1
159 -98.486  22.021  7 11 1
160 -59.052   4.163 18 11 1
161   7.428  -2.570 15 17 2
162 -59.601  12.469  5  3 0
163 -11.224 -31.830 20  9 1
164 -16.809 -35.040  9  1 0
165  21.863  18.140 22 13 1
166  45.038 -61.316 13  1 0
167 -48.816  25.568 24  2 0
168 -32.184 -16.736  4 22 2
169  12.439 -41.492 16 10 1
170 -21.082 -77.075 16  4 0
171 -17.822 -18.518 14  9 1
172  48.334  93.518 14 11 1
173 -18.677  49.005 25  3 0
174  12.140  30.042 23 19 2
175   3.113 -40.302 23 19 2
176  17.133  37.079  4  4 0
177  22.577   0.836 17 19 2
178 -30.426  52.942 12 15 1
179  33.765 -67.108 11 21 2
180   5.414   1.532 24 25 3
181  72.156  30.103 22  4 0
182 -24.109 -34.625 10  3 0
183  17.413  75.146 10  6 0
184  10.638 -60.052 10  6 0
185  -5.176 -48.999  5 21 2
186 -19.342  21.118 13 25 3
187 -46.802 -14.661 18 10 1
188 -16.779  43.439 25 25 3
189  14.093 -13.605 12 19 2
190 -21.063  26.019 18 19 2
191  39.813 -40.668  9 22 2
192  52.057  30.334 23  5 0
193  -0.140   7.266  0
194 -23.138  48.450  0
195 -26.102  16.809  0
196   0.244 -35.892  0
