2 2 144 6 12
475 190
  1 -40.289 -42.303  6 20 2
  2 -64.709 -17.389  3 10 1
  3   5.060 -14.349 23  8 0
  4  72.095  20.233  1  6 0
  5   2.594 -15.002 18  1 0
  6 -24.176 -72.894  8 19 2
  7 -13.190  66.498  2 13 1
  8  33.191  13.690  9 24 2
  9  66.827 -30.554  1 15 1
 10  19.934  35.883 20 13 1
 11 -27.771  32.269 23 10 1
 12  51.154 -16.827 22  4 0
 13 -19.214  23.749 24 12 1
 14 -46.643 -52.954 21 21 2
 15 -10.590 -16.626 18  2 0
 16  35.150  12.622 21 10 1
 17 -37.378  12.256  7 20 2
 18  82.794  25.836  4  9 1
 19   8.936  -3.723 21 24 2
 20 -56.659  25.555 13 19 2
 21 -52.020 -40.137 18 13 1
 22  39.270  12.787  4 14 1
 23  19.757  21.228  3 17 2
 24 -23.071 -12.659 12 25 3
 25  15.686  52.374  5  1 0
 26  58.771  -7.056  8  9 1
 27 -33.087  72.266 14 12 1
 28   2.551  46.851 10 22 2
 29 -18.719  73.126 14  2 0
 30 -67.627 -20.679 19 21 2
 31 -76.862 -11.365 20  8 0
 32 -24.194 -38.263 21 19 2
 33 -20.374 -31.903 11 24 2
 34   9.290  39.618 14 24 2
 35  26.044  35.974  6  2 0
 36 -57.385 -45.264  7 20 2
 37   1.489 -62.592  3 20 2
 38  34.937  13.672 22  5 0
 39 -22.290  45.648 21 17 2
 40  -5.920  44.061 12  4 0
 41 -38.446 -23.541  1 21 2
 42  28.894  33.936 11  3 0
 43 -35.388  -5.341 12 16 1
 44 -19.501  13.519 19 14 1
 45  -9.216 -30.988  8  6 0
 46 -22.131 -17.065 11  5 0
 47 -22.827  36.810 18 12 1
 48 -61.365 -18.463  6 23 2
 49  50.128 -66.046  3 12 1
 50  25.647  24.139  6 18 2
 51  65.521  42.810 10 24 2
 52 -60.956 -47.925  7  3 0
 53  -9.070  42.798 17  3 0
 54 -19.061   4.480 12 25 3
 55 -54.071  -3.870 11 22 2
 56 -25.598 -18.866 15 25 3
 57 -18.707  84.296  6 15 1
 58 -70.184 -39.166 13 18 2
 59 -14.636  -0.446  3  8 0
 60 -76.465 -38.922 23 20 2
 61  44.092  12.433 24 18 2
 62 -22.772 -50.867 22  5 0
 63  19.104  44.672 11 25 3
 64 -44.019 -39.935 24 16 1
 65  -2.972  -4.059  8 14 1
 66 -24.261  35.907 22  1 0
 67 -61.877 -73.901 11 15 1
 68  -5.640 -26.721  6 22 2
 69  45.844 -36.835 10  6 0
 70 -51.746 -79.840 10 24 2
 71 -33.008  10.992 20 19 2
 72 -25.653  -0.372  2 12 1
 73 -21.497  61.487 18 13 1
 74   2.032  26.727  8 10 1
 75 -26.758  14.807 13 12 1
 76 -37.256 -44.861  8 13 1
 77  -0.861 -16.418  8 25 3
 78 -51.160  34.967 18 12 1
 79 -41.266 -76.886 17  2 0
 80 -30.255  74.701 10 11 1
 81 -46.368  -1.514 23 10 1
 82 -71.619  73.077  3  9 1
 83 -46.606 -39.948 25 21 2
 84 -30.243  67.102  4 14 1
 85 -40.997 -43.036 25 15 1
 86 -74.286 -52.307  5  6 0
 87 -17.609 -71.851  9 25 3
 88   2.350 -81.805 18 14 1
 89 -85.486 -54.059 16 17 2
 90  23.822  10.571 16  8 0
 91 -24.530 -31.726 22  4 0
 92 -42.474 -15.009  2 17 2
 93 -33.624  50.330 22 23 2
 94 -81.458 -41.565 11  4 0
 95 -73.505 -48.279 24  4 0
 96  -3.052  70.898 17  9 1
 97   0.946  25.458 12  9 1
 98 -54.144  13.525  1 19 2
 99 -30.634   7.526 23 12 1
100 -68.335 -34.277  4 25 3
101   7.178  57.935 15  8 0
102   4.712  48.669 15 13 1
103  58.087  26.379 12  3 0
104  18.347  34.784 21  6 0
105 -44.629 -61.975 21 11 1
106   5.231  26.068 15 24 2
107 -48.065 -36.755 21 16 1
108  -3.589 -27.734 19 21 2
109   9.808  36.896 11 25 3
110  59.460   1.233  3 10 1
111 -47.522  19.873 12  2 0
112 -48.431 -50.317  4 13 1
113  44.666  20.953  2 14 1
114 -19.226  32.770  9 19 2
115 -15.662  17.462 21 16 1
116 -91.669  77.722 17 23 2
117 -30.035 -78.284 22 13 1
118  73.663  32.941 24 24 2
119  22.400 -60.083  2 17 2
120  61.206 -13.501 25  8 0
121  22.131 -50.012 21 12 1
122  -6.317  56.665 11  6 0
123 -20.471  12.885 23 20 2
124 -61.084 -44.769  4 20 2
125  -9.576 -19.366  1 24 2
126   5.627 -88.501 15 10 1
127  -2.618  22.131 20 18 2
128  40.497  32.343  8 10 1
129  -3.296  36.774  4 15 1
130 -50.995  19.781 12 12 1
131 -70.520  -3.809 23 22 2
132   4.205   0.812 25 11 1
133   9.955  26.337  5 14 1
134  13.538 -21.313 15  9 1
135 -21.869 -18.768  2  6 0
136 -37.158 -30.768 22 23 2
137 -86.975  10.345 16  8 0
138 -47.272 -46.326 23 22 2
139   4.095 -19.354 13  7 0
140   4.205  30.292  7 15 1
141 -42.017  53.986 20 22 2
142  35.095 -10.895 25  7 0
143  61.188 -59.875 12 14 1
144 -34.674  -1.337  9 21 2
145  -3.799  44.290  0
146  14.233  21.173  0
147 -23.334 -28.397  0
148  10.065   1.822  0
149 -49.115 -43.549  0
150 -21.054   4.144  0
