2 4 288 6 24
425 170
  1  12.805   1.886 15 10 1
  2  18.213   1.373  7 21 2
  3  57.947 -48.779 10  8 0
  4 -52.429 -84.088 20 23 2
  5  60.797 -32.593 11 10 1
  6  23.151   4.205  7  9 1
  7  25.385  22.986 14 21 2
  8  25.513 -52.985 15 16 1
  9 -49.261 -41.718  8 21 2
 10 -37.561 -41.730  5  3 0
 11 -14.520  48.962 17 24 2
 12  41.229 -24.500  1  2 0
 13 -21.863   0.916  3  4 0
 14 -48.181 -16.284  8 18 2
 15  -7.776  44.348 14  5 0
 16  20.801  10.760  3 13 1
 17 -29.712 -46.326  6 13 1
 18 -20.203 -59.564 23 14 1
 19 -87.079 -52.899 14 10 1
 20   3.046  -6.305  1  3 0
 21  11.865   5.261  2  1 0
 22 -24.072 -55.927 17 11 1
 23 -22.803   5.658 15 16 1
 24 -51.904   9.412 18  6 0
 25  12.732 -40.967 15 18 2
 26 -30.988   7.654  7 11 1
 27  37.512   0.458  4 15 1
 28   2.954  -8.563 24 17 2
 29   0.549   3.644 18 17 2
 30 -52.484   9.711  2  1 0
 31  33.936 -48.718  4  1 0
 32 -13.129 -53.601 11 18 2
 33 -99.591  23.303 25  3 0
 34   6.439  -3.516 15 21 2
 35 -14.032 -19.818 18 22 2
 36 -24.677  16.608  9 14 1
 37 -10.260 -81.769 23  4 0
 38  35.858   5.597 22 17 2
 39 -11.603  42.908  9 16 1
 40 -34.662 -15.466 20  8 0
 41  66.852   1.135 13 14 1
 42   6.866  -1.416  3 23 2
 43   1.660  -2.234  6  1 0
 44  37.561  11.450 18 21 2
 45  51.672 -26.343  9 10 1
 46  19.025 -10.889 24 19 2
 47 -37.982  -6.360 19  6 0
 48 -56.537 -42.334 11  4 0
 49   1.099 -14.624 14 18 2
 50 -56.238  -3.076 15 23 2
 51 -23.669 -15.289  5 25 3
 52 -34.277  -1.410 18 17 2
 53 -64.178  63.812 22 11 1
 54 -47.083 -20.386 13 20 2
 55 -33.710   8.380 11  9 1
 56  34.290  26.031 11 23 2
 57 -38.861  42.114  1 14 1
 58 -92.731  44.885 25  7 0
 59  23.633  27.643 19 15 1
 60 -67.139 -67.078 13 22 2
 61  25.726 -25.836  7  4 0
 62 -40.985 -16.895  2 14 1
 63  77.008  -6.097 16 24 2
 64 -54.810  -1.935  2 13 1
 65 -53.943 -29.663  1  9 1
 66  16.089 -27.887 19  3 0
 67 -59.436  36.487 24 23 2
 68  34.473  25.391 19  2 0
 69  -9.283  -6.689 24 23 2
 70 -85.559 -20.477 10  8 0
 71  29.523  18.347 19 23 2
 72  27.814   6.512  1 13 1
 73  42.151 -25.580 19 25 3
 74  82.202  85.828 25 25 3
 75 -47.766 -35.590 24 20 2
 76  22.015 -20.349 11  9 1
 77 -55.756 -33.490  7 15 1
 78  62.006  -1.453 25  4 0
 79  25.549  -3.796  3  1 0
 80 -43.372  -7.379  3  7 0
 81  60.297  52.637 18 12 1
 82 -96.155  34.100 18  5 0
 83 -32.806  -3.845  9  8 0
 84 -47.827 -45.203 21  1 0
 85 -31.128 -93.848 21 24 2
 86 -17.010 -21.857 21 23 2
 87  -8.386  -2.264 11 12 1
 88  35.834  13.147  2  2 0
 89  29.315  54.468  4 22 2
 90  48.352  -8.783  3  3 0
 91  -2.930  27.039  8 12 1
 92 -16.620 -55.389 20 16 1
 93 -40.851 -47.742 23  8 0
 94 -12.878  -2.039 15 25 3
 95 -51.776   7.281  3  6 0
 96 -32.922  23.828 14 24 2
 97  13.983 -34.521  8 16 1
 98 -35.834 -23.834  4  7 0
 99  91.858   5.542 19  9 1
100 -28.442 -34.180  6 23 2
101  33.844  27.875  1 24 2
102  98.431  31.348  2 19 2
103 -57.751 -27.753  3  9 1
104 -43.890  13.007 24 10 1
105  37.585  49.768  6 23 2
106  -3.687   7.373 14  2 0
107 -98.242  61.658 22  5 0
108 -23.560 -32.520 14 25 3
109  22.980 -18.109  7 17 2
110  43.915  -2.985 13 23 2
111  71.509  11.652 19 23 2
112 -43.011 -38.702  6 13 1
113 -83.954   2.179  4  2 0
114  11.090 -40.942 17 24 2
115  27.173 -13.330 17 22 2
116 -86.102 -59.808 13 20 2
117 -22.345 -78.278 21 15 1
118 -38.727 -33.588  8 12 1
119  -1.227 -28.668  7 17 2
120  81.329 -44.244 15 21 2
121  51.904  19.891  5 10 1
122 -34.973 -27.856  6  4 0
123 -51.483 -23.248 17 21 2
124  -0.647 -46.057  4  3 0
125  68.219 -66.986 25 17 2
126 -15.149 -25.482 11 19 2
127  22.412 -34.375 17 10 1
128  36.176 -10.431 17 21 2
129 -23.639 -47.681  2 21 2
130 -14.722  32.684  7  6 0
131  16.821 -12.720 16  8 0
132  93.378  23.004  2  8 0
133  40.344 -24.176 12 13 1
134   5.530  -4.901  7  7 0
135 -78.015   1.270 19 11 1
136  51.569 -45.673 16 18 2
137  49.249 -30.896 17 10 1
138 -62.195 -21.399  8 25 3
139  -5.048   7.306 24  7 0
140   1.727 -70.221 10 17 2
141   1.361  -3.564 20 20 2
142 -15.521  16.425  8 18 2
143 -31.604 -60.938  6 21 2
144 -46.997 -55.560  5 14 1
145   2.301   5.536 23  2 0
146 -30.328  -0.580 14 18 2
147 -16.821  17.664 23 10 1
148  52.655  29.034 13  5 0
149 -11.993 -83.771 12 15 1
150  41.632  43.048 13 17 2
151   8.508  -2.539 20 12 1
152  31.512  -8.978 14 14 1
153  -3.339 -36.243  6  3 0
154 -26.379  13.776  4  7 0
155  28.430  10.571 13 21 2
156   5.975  27.289  1  7 0
157 -32.135 -45.068  9  5 0
158  31.097  -7.916  5 24 2
159  28.198 -29.755  7 13 1
160 -39.612 -33.594  4 18 2
161 -19.220  -5.133 12 19 2
162 -10.114  69.977 20 22 2
163  22.894 -44.348 20 13 1
164 -34.741   0.580 14 10 1
165 -44.952 -77.734 11  4 0
166 -23.749 -56.012  1 17 2
167  69.073 -97.125  5  2 0
168  12.170 -59.869  1 18 2
169  47.339  17.365 14  2 0
170  -4.706  14.056 19 18 2
171 -52.374 -50.244 16 13 1
172  39.215 -29.773 21 24 2
173 -42.316 -60.602  9 25 3
174  19.135  41.150  1  2 0
175 -54.706 -17.596 18  2 0
176  11.737 -83.173  7  7 0
177 -40.582 -53.247 15 23 2
178  -6.421  21.967 21 21 2
179 -31.268 -34.613  4 18 2
180  -3.668 -26.868 21 21 2
181  13.409 -22.302 10 23 2
182 -95.892 -86.322 16 16 1
183  88.983 -53.387 21 22 2
184 -55.048 -32.538  7 11 1
185  27.850 -10.028  8 22 2
186  40.918 -36.090  6 10 1
187 -58.350  15.814 23 15 1
188 -52.161 -74.725 18 23 2
189 -66.772 -34.943  6  7 0
190 -33.374 -62.024  6  1 0
191  -8.649  31.708 14 21 2
192 -26.166 -56.152 14 11 1
193 -39.874 -53.375 22  2 0
194  71.643 -36.981 22 24 2
195 -96.924   8.411 25 25 3
196  -2.911  36.200 13 17 2
197 -53.253  14.099 21 10 1
198  67.316 -39.734 14 18 2
199  -6.525  11.975 18  2 0
200  16.425  33.221 18 12 1
201 -19.061 -56.921 11  4 0
202  25.189 -21.045 10  1 0
203  37.854  -5.524 15  1 0
204 -16.479  48.657  3  6 0
205   2.344 -16.516  2 22 2
206 -48.621 -12.390 12 25 3
207 -42.621 -50.006 18 21 2
208  16.016  11.169  1 18 2
209 -80.408 -60.583  3 14 1
210 -95.068  44.293  4 21 2
211  -6.885  24.884 12  4 0
212  -4.803  21.674 15  1 0
213   7.037 -45.337 22 18 2
214  31.293 -39.905 20  4 0
215  14.984  26.172 16  4 0
216  33.203 -52.289 11  5 0
217 -59.277  39.667 20 15 1
218  30.054 -36.823 13  5 0
219   9.351 -39.044  9 22 2
220 -10.651  54.431 16 21 2
221  20.856 -26.465  7 17 2
222  19.617  17.865 21  8 0
223 -36.981 -92.950 18  4 0
224  -3.760  59.875  4  4 0
225  11.682 -63.336 15 16 1
226   4.468 -36.133  5  5 0
227  47.040 -41.254 24 15 1
228  29.938 -58.710 21 25 3
229 -70.569  -7.037  7 15 1
230  56.262   1.819 24  7 0
231  46.210 -53.522 22 19 2
232   6.366 -14.264  1 11 1
233 -34.540 -39.502  6 13 1
234 -50.537  28.357  4 24 2
235 -61.444 -10.901 14  4 0
236 -30.823  17.902 18 13 1
237  49.658  24.469 16  6 0
238 -69.775 -41.406  1  4 0
239 -18.939  57.690 24 12 1
240 -22.449  15.771 19  4 0
241  -7.599  37.030 19  4 0
242  27.435  17.554 11 25 3
243  45.526  -5.127  9 25 3
244 -33.551 -25.586  3 14 1
245  -4.645  53.754  1 25 3
246 -41.119 -13.361 10 13 1
247  23.010 -45.703 19 13 1
248  17.230   5.096 14 11 1
249  -6.818 -19.873 14 24 2
250  52.966  51.410 24  5 0
251 -28.662 -50.940 16 12 1
252  69.684 -51.520  6  4 0
253  36.884 -17.371  9  5 0
254 -19.659  42.035 20 24 2
255  72.125  65.405 21 17 2
256 -71.368  59.863  8  4 0
257  18.317 -37.750 11  1 0
258  18.121   0.482 13 19 2
259  -1.105 -30.676 24  7 0
260 -44.574 -44.055 15 24 2
261 -28.058 -59.436  6 10 1
262  -7.953   4.639 24 13 1
263 -37.366 -28.528  3 24 2
264   4.388 -38.489 16  3 0
265 -44.592 -35.333 24 14 1
266 -56.714 -39.252 19  2 0
267  13.452 -32.159  5 24 2
268 -20.343 -11.182 11 11 1
269   3.436 -52.734 19  5 0
270  40.576 -54.492 22 14 1
271  31.952 -25.421 23 21 2
272 -57.434  38.525 12 14 1
273  47.510 -42.035 23 15 1
274 -28.143 -41.614 25  3 0
275  -2.258  -5.078  3 15 1
276 -27.167 -27.936 25 15 1
277 -24.048 -47.192  1 21 2
278 -77.521 -55.084 16 17 2
279 -62.036 -43.439 21 18 2
280 -71.936 -20.160 11 15 1
281 -66.504 -39.789  6 19 2
282  14.587  48.444 14  9 1
283  31.366 -29.462 23 10 1
284   6.512 -46.124  9 13 1
285   9.650  39.508  8 25 3
286  16.040  16.681 19  1 0
287   7.745 -75.378 17 11 1
288 -27.173  -4.462 15 25 3
289 -40.198 -12.781  0
290 -40.488 -35.864  0
291  -1.193   2.515  0
292  18.329 -35.468  0
293  23.746  -0.522  0
294 -46.396 -39.923  0
